1000
454
954
876
264
501
179
913
871
299
639
609
153
763
540
779
531
1
325
20
930
879
832
308
58
879
947
86
486
70
761
766
129
476
550
266
873
424
212
540
730
202
312
996
650
439
518
122
225
339
589
231
221
71
632
229
906
860
71
239
669
215
133
936
572
473
785
808
191
97
432
424
468
730
674
985
99
403
340
862
249
191
449
422
279
250
924
444
862
551
51
1000
837
969
927
849
167
486
214
402
59
379
986
266
785
456
424
958
996
556
719
155
297
969
580
543
748
58
585
503
853
158
961
81
186
596
676
236
120
891
247
595
620
420
584
523
935
205
717
239
396
672
300
317
752
73
459
999
997
74
214
266
934
881
880
370
158
834
704
612
988
654
8
818
300
664
939
135
116
108
554
273
605
718
204
635
264
489
906
847
93
424
277
4
772
638
262
742
552
428
10
76
884
904
546
835
583
149
128
309
899
797
861
899
211
250
103
781
885
407
621
155
930
865
977
811
882
25
737
333
931
803
865
811
267
788
109
873
859
223
817
461
306
796
228
24
194
329
865
967
280
642
400
982
537
940
116
971
179
963
266
109
435
729
314
607
512
386
577
255
709
2
926
539
720
742
671
365
70
665
331
314
849
720
301
310
409
403
296
128
421
941
678
903
616
301
548
1
287
430
580
655
465
443
214
474
902
797
170
85
516
633
336
819
752
673
225
200
25
245
476
850
73
415
630
195
697
495
244
657
6
751
771
107
426
176
958
518
51
250
849
457
802
668
988
596
951
892
613
720
505
831
548
898
744
475
260
248
638
766
522
627
275
78
286
272
320
541
139
232
694
707
65
408
543
416
207
421
905
585
696
857
766
381
6
352
754
854
954
420
748
547
604
221
220
436
30
337
680
405
166
468
128
623
27
395
565
28
643
136
462
51
380
212
327
762
380
753
832
253
82
20
540
1000
350
651
782
652
755
950
200
21
153
127
670
564
218
700
767
168
608
748
115
820
965
109
26
312
678
959
397
716
76
691
628
102
773
851
601
122
984
783
348
429
371
506
342
850
823
106
961
636
829
708
436
734
966
271
809
539
484
436
732
269
852
831
87
882
244
465
611
379
29
851
182
213
798
341
881
702
277
11
949
86
721
489
759
691
646
491
793
94
222
692
307
582
474
531
426
746
331
703
271
252
121
193
120
536
763
186
217
485
725
977
525
283
101
195
228
180
15
535
275
975
554
698
127
869
491
873
575
470
441
185
52
942
478
823
401
75
630
54
150
563
304
994
119
765
607
791
226
523
451
443
861
991
306
622
610
741
948
208
212
661
158
174
76
3
451
594
292
232
707
703
455
688
924
788
626
662
934
426
545
648
909
827
72
166
308
749
570
289
125
689
700
943
501
494
81
40
433
323
251
92
962
836
576
951
1000
673
270
41
757
471
652
917
182
586
635
492
92
348
334
671
858
330
694
289
946
814
551
455
315
324
971
405
515
989
658
543
414
188
362
757
626
760
204
550
928
439
699
122
974
609
240
159
551
553
94
993
913
462
118
833
499
717
509
274
835
981
244
552
384
922
509
880
865
277
791
415
935
508
821
283
299
587
999
490
149
539
346
552
544
456
322
189
698
572
234
776
44
745
706
812
387
664
821
981
496
38
503
591
870
875
441
526
457
723
410
655
155
470
970
339
693
650
852
853
860
381
317
719
760
873
36
69
632
921
998
747
434
99
634
873
444
695
904
46
797
294
375
146
532
566
793
170
79
871
620
241
913
144
462
254
256
10
805
902
678
158
442
346
588
639
425
251
846
200
385
484
238
572
575
993
296
978
659
275
566
686
745
50
607
497
905
287
799
608
353
637
621
678
721
660
839
629
904
647
309
441
580
733
91
296
748
176
133
540
972
531
914
831
257
825
482
807
747
339
116
963
141
967
861
725
980
968
805
366
791
14
537
455
673
673
585
823
941
109
234
26
885
562
916
222
64
824
910
303
409
140
947
305
493
98
888
136
454
671
744
946
420
743
155
415
100
490
409
952
33
371
444
951
856
100
686
545
978
359
399
190
123
849
455
663
642
598
22
787
244
126
565
69
766
208
216
870
329
148
901
3
859
145
130
251
175
662
26
15
790
238
324
175
53
742
527
746
477
779
514
110
504
946
44
784
867
522
459
965
61
479
402
687
491
910
74
81
609
66
276
634
549
326
995
531
454
606
100
702
853
651
769
721
216
452
229
339
454
416
96
427
666
375
153
923
68
832
94
97
739
812
557
587
562
330
123
354
666
751
869
722
969
1000
2
0 999
600 600
351 726
212 729
224 307
845 901
762 898
807 970
974 995
613 861
26 930
829 874
180 756
308 543
6 870
566 739
141 684
30 753
215 544
340 584
721 937
567 603
52 201
617 875
272 753
485 712
273 821
113 494
283 769
486 828
45 422
599 602
301 448
137 357
328 333
747 791
380 816
500 916
806 819
861 866
18 922
862 941
573 875
417 484
20 338
801 924
832 986
88 858
243 688
523 711
310 544
333 445
510 565
509 953
349 822
818 966
236 347
197 680
760 917
177 813
494 875
759 867
924 966
635 862
864 949
150 208
442 610
274 314
507 660
451 482
831 843
864 980
615 810
462 760
791 978
449 895
651 763
475 554
61 158
899 933
714 858
172 377
437 684
522 597
372 549
408 608
597 915
647 670
94 708
284 802
656 967
873 915
582 641
349 978
698 816
595 974
309 569
791 960
670 943
738 917
526 832
423 631
362 477
214 958
486 602
137 203
844 859
770 962
883 887
336 844
131 458
162 858
771 956
165 530
410 809
237 575
284 819
448 742
309 867
469 912
367 966
984 991
281 555
527 984
816 963
138 353
641 954
554 599
845 976
285 830
272 931
147 520
946 957
451 642
26 77
502 619
994 996
28 932
839 943
791 819
286 878
696 738
705 837
5 83
255 877
548 876
527 579
288 502
47 447
793 887
110 915
596 602
515 632
143 510
614 706
416 803
85 976
67 557
507 994
554 728
470 806
981 985
16 791
344 824
628 914
735 823
44 565
813 845
779 881
695 887
811 822
776 878
293 323
199 232
933 967
989 994
253 815
191 479
780 970
331 414
368 930
743 972
386 983
496 746
924 963
801 945
78 633
822 919
321 375
660 764
602 771
689 798
42 875
352 998
274 985
947 950
637 768
801 936
952 958
607 914
34 98
778 859
382 732
605 873
948 967
763 899
529 716
649 736
113 765
499 692
561 675
260 590
996 997
916 957
122 870
452 944
445 493
681 950
319 555
64 571
891 983
711 978
637 925
508 567
200 311
790 795
554 718
803 911
611 644
309 999
718 866
769 959
73 974
642 803
680 790
877 972
639 704
966 980
910 914
124 258
164 433
709 809
940 993
845 883
635 836
125 389
533 767
168 951
154 711
720 889
842 931
825 829
45 657
576 852
766 863
638 818
627 735
956 977
804 938
297 348
59 472
484 589
606 729
718 925
860 996
130 452
561 701
466 608
247 319
290 562
615 710
865 886
327 715
312 837
498 756
498 652
23 946
505 983
215 492
50 520
882 959
470 754
847 912
882 967
763 849
400 742
194 639
73 540
764 830
989 996
118 978
393 875
339 959
754 802
509 754
45 175
333 648
456 785
515 674
613 675
990 997
299 534
828 919
708 795
815 883
673 993
583 915
725 914
26 488
967 992
776 905
721 883
170 692
619 939
147 727
31 949
109 125
313 417
690 817
774 982
872 966
62 191
207 464
662 839
313 431
912 942
354 852
720 900
693 880
192 391
558 657
972 980
289 436
704 797
348 956
795 851
121 715
379 987
818 991
804 860
287 796
346 635
256 612
202 631
933 979
137 668
586 686
669 844
637 656
413 834
100 793
5 552
929 957
935 992
477 581
963 974
645 967
89 612
535 871
936 994
175 902
175 933
997 998
495 967
962 997
876 877
567 613
982 987
989 994
493 968
851 920
192 283
162 546
257 395
736 944
567 894
175 881
897 982
515 557
669 730
140 418
248 444
235 811
954 967
722 725
653 893
62 172
306 587
502 947
703 795
117 925
295 728
219 323
153 786
605 769
549 761
537 844
218 411
754 968
81 491
703 726
564 590
547 775
572 636
328 677
116 297
583 620
510 906
453 733
456 487
462 896
723 832
816 953
578 597
344 385
994 999
69 938
31 427
768 945
978 992
420 995
382 919
906 941
682 892
539 840
347 463
537 781
727 787
3 25
298 770
544 786
823 866
346 526
937 982
112 830
419 864
883 884
206 286
33 611
703 717
740 844
234 400
863 870
503 646
815 950
318 725
672 777
301 401
660 735
300 342
948 993
911 966
427 710
972 998
671 929
318 601
149 469
754 870
849 894
707 943
914 962
967 985
134 344
203 718
922 988
92 749
190 407
673 870
873 896
761 934
558 769
869 912
957 957
937 997
117 999
478 604
604 684
915 961
775 860
533 700
261 639
497 546
981 989
839 986
370 630
562 658
145 367
934 972
417 505
329 583
833 916
654 890
257 867
966 987
490 575
794 828
720 856
916 961
641 662
33 851
945 981
764 861
842 878
707 709
505 689
617 872
616 801
487 490
551 556
529 658
977 977
813 939
806 982
107 193
148 311
526 912
267 557
373 627
565 995
225 755
847 947
858 965
93 436
552 577
9 178
499 716
784 906
857 870
528 548
211 895
887 940
46 116
925 992
563 577
928 950
961 983
752 928
398 444
162 363
834 898
896 930
755 789
988 996
500 987
53 466
838 893
769 989
396 863
29 294
992 995
355 962
431 817
660 689
618 922
713 736
154 756
633 904
316 388
5 311
359 531
132 294
448 754
408 423
353 413
598 728
385 564
387 438
901 990
978 990
169 485
138 397
493 525
434 672
484 523
251 435
625 847
195 281
304 964
332 746
804 868
334 877
859 996
136 413
947 957
314 975
968 977
694 844
575 678
376 885
392 461
563 821
545 855
550 978
461 842
438 601
692 944
795 878
499 816
242 741
715 939
73 991
479 687
506 960
691 858
790 865
895 951
638 668
768 920
355 772
44 984
677 806
752 991
430 436
258 636
518 797
575 764
391 861
588 794
344 360
104 476
961 965
940 948
311 624
206 589
476 705
696 792
300 867
115 866
647 886
164 986
243 375
160 630
958 967
405 514
640 795
29 625
197 672
388 819
205 803
808 820
101 884
186 451
457 599
862 934
639 854
611 839
347 899
617 928
705 792
614 646
133 235
305 432
693 849
418 498
383 497
635 888
645 999
554 772
140 410
451 480
359 365
136 840
963 981
494 840
415 906
488 530
30 768
292 486
537 614
457 860
765 894
113 214
775 960
366 887
41 730
546 995
102 847
751 825
999 999
348 880
439 996
775 828
810 921
350 811
632 693
139 316
206 253
350 532
538 687
704 789
267 895
985 995
95 966
785 982
992 998
126 882
249 783
828 958
676 834
577 690
414 678
633 956
93 560
278 954
369 968
327 328
774 939
730 853
664 784
63 563
217 553
211 422
828 886
577 816
485 662
682 697
99 805
459 526
857 920
0 958
202 751
131 695
158 943
274 749
250 528
903 919
396 580
699 769
655 897
1 477
132 328
679 681
695 944
988 993
132 193
383 833
102 383
880 896
773 943
133 993
142 597
8 652
440 844
628 684
411 815
859 871
100 777
589 746
963 974
139 377
84 590
600 843
778 931
847 947
301 662
509 876
295 333
897 995
494 551
499 796
528 989
986 999
131 879
568 725
682 924
954 989
16 82
262 291
60 801
506 816
501 708
701 725
536 821
277 501
511 610
808 910
390 776
834 947
66 718
729 958
57 138
434 690
608 729
741 932
119 742
701 749
953 977
782 939
166 271
781 839
886 973
29 812
271 317
712 878
77 497
360 679
566 725
255 331
573 881
228 620
44 868
244 600
382 474
931 990
552 961
740 849
321 603
720 795
77 421
502 951
179 839
981 999
68 501
282 888
327 699
7 206
563 695
622 797
591 792
772 816
900 976
245 249
410 547
346 895
877 993
1 657
849 958
103 578
238 612
59 997
711 737
921 991
519 856
372 984
84 171
133 843
74 599
434 979
236 435
315 863
700 920
318 503
74 261
779 908
155 293
466 683
535 983
207 451
265 353
157 735
826 947
40 842
327 388
248 515
513 842
260 993
31 422
452 861
249 595
803 830
11 832
982 984
823 888
630 868
582 690
812 816
64 908
443 514
905 983
331 359
460 550
573 923
394 411
683 737
214 361
279 915
34 632
245 467
411 735
60 322
137 309
884 944
630 926
794 997
781 859
544 765
912 956
388 498
318 467
895 976
58 992
529 890
999 999
100 691
266 865
917 921
996 996
846 968
354 896
845 872
592 920
697 973
28 708
947 976
563 645
988 998
492 648
490 536
232 400
526 526
917 933
130 753
918 987
323 337
586 965
774 965
860 994
373 963
395 456
301 396
157 956
791 991
649 710
968 990
928 984
223 680
175 428
688 727
728 986
948 968
994 999
32 615
921 997
220 661
936 945
745 805
982 985
885 895
708 894
886 936
265 448
67 306
108 109
385 835
969 996
493 685
546 592
479 929
650 890
162 223
845 890
318 967
74 231
375 832
547 953
93 631
613 799
30 944
164 907
157 242
205 356
697 915
729 800
281 451
49 592
839 863
360 633
294 761
600 679
25 191
291 349
843 891
397 691
661 691
544 628
885 927
445 591
465 586
268 313
752 917
85 399
541 986
589 816
840 970
418 729
866 929
881 937
78 910
714 857
900 980
677 877
120 786
172 987
972 994
126 496
988 993
997 998
834 876
910 992
67 429
